P01-DM 0.9202 0.8339 -1.0000 -1.0000
P01-HD 5.68 4.19 -1.00 -1.00
P01 143.13 125.64 48.24 39.58 0.66 0.68 -1.00 -1.00
P02-DM 0.9509 0.9366 -1.0000 -1.0000
P02-HD 1.79 2.18 -1.00 -1.00
P02 82.53 77.57 44.44 40.14 0.46 0.48 -1.00 -1.00
P03-DM 0.9602 0.9292 -1.0000 -1.0000
P03-HD 1.83 2.45 -1.00 -1.00
P03 84.24 81.87 42.12 38.90 0.50 0.52 -1.00 -1.00
P04-DM 0.9433 0.9278 -1.0000 -1.0000
P04-HD 2.63 3.22 -1.00 -1.00
P04 125.28 114.13 43.19 38.54 0.66 0.66 -1.00 -1.00
P05-DM 0.9153 0.9491 -1.0000 -1.0000
P05-HD 2.63 3.57 -1.00 -1.00
P05 167.33 162.90 100.87 94.55 0.40 0.42 -1.00 -1.00
